1611417416552 0.060240963855421686 5
1611417633764 0.12048192771084337 10
1611417845485 0.18072289156626506 15
1611418067867 0.24096385542168675 20
1611418289167 0.30120481927710846 25
1611418498795 0.3614457831325301 30
1611418714208 0.42168674698795183 35
1611418923984 0.4819277108433735 40
1611419122225 0.5421686746987951 45
1611419329948 0.6024096385542169 50
1611419543768 0.6626506024096386 55
1611419745549 0.7228915662650602 60
1611419946024 0.7831325301204819 65
1611420147925 0.8433734939759037 70
1611420350305 0.9036144578313253 75
1611420551055 0.963855421686747 80
1611420680473 1.0 83
