1611417416548 2.5e-06 5
1611417633760 5e-06 10
1611417845481 7.500000000000001e-06 15
1611418067862 1e-05 20
1611418289163 9.206349206349207e-06 25
1611418498792 8.412698412698414e-06 30
1611418714204 7.61904761904762e-06 35
1611418923980 6.825396825396826e-06 40
1611419122220 6.031746031746032e-06 45
1611419329944 5.2380952380952384e-06 50
1611419543764 4.444444444444444e-06 55
1611419745545 3.6507936507936507e-06 60
1611419946020 2.8571428571428573e-06 65
1611420147920 2.0634920634920634e-06 70
1611420350301 1.26984126984127e-06 75
1611420551051 4.7619047619047623e-07 80
