1611417416538 1.1702531814575194 5
1611417633756 1.0376773834228517 10
1611417845472 0.8842418670654297 15
1611418067848 0.8496829986572265 20
1611418289153 0.6859836578369141 25
1611418498788 0.5843981266021728 30
1611418714199 0.48783164024353026 35
1611418923972 0.4070125102996826 40
1611419122210 0.35363116264343264 45
1611419329938 0.3419567823410034 50
1611419543759 0.3098081111907959 55
1611419745538 0.29972851276397705 60
1611419946015 0.226310133934021 65
1611420147914 0.22575547695159912 70
1611420350296 0.26372950077056884 75
1611420551040 0.24647507667541504 80
